!!cz.cuni.lf1.lge.ThunderSTORM.calibration.PolynomialCalibration {a1: 3.2266068299491998E-6,
  a2: 4.441281578438886E-6, angle: -0.16116314862142103, b1: 1.3637033403965906, b2: 1.4058554436723405,
  c1: 113.96879938466026, c2: -124.75506288742343, d1: 0.0, d2: 0.0, w01: 1.0, w02: 1.0}
